1520621175965364480
1520621176015364352
1520621176065364480
1520621176115364608
1520621176165364224
1520621176215364352
1520621176265364480
1520621176315364608
1520621176365364224
1520621176415364608
1520621176465364480
1520621176515364352
1520621176565364480
1520621176615364608
1520621176665364224
1520621176715364352
1520621176765364480
1520621176815364608
1520621176865364224
1520621176915364608
1520621176965364480
1520621177015364352
1520621177065364480
1520621177115364608
1520621177165364224
1520621177215364352
1520621177265364480
1520621177315364608
1520621177365364224
1520621177415364608
1520621177465364480
1520621177515364352
1520621177565364480
1520621177615364608
1520621177665364224
1520621177715364352
1520621177765364480
1520621177815364608
1520621177865364224
1520621177915364608
1520621177965364480
1520621178015364352
1520621178065364480
1520621178115364608
1520621178165364224
1520621178215364352
1520621178265364480
1520621178315364608
1520621178365364224
1520621178415364608
1520621178465364480
1520621178515364352
1520621178565364480
1520621178615364608
1520621178665364224
1520621178715364352
1520621178765364480
1520621178815364608
1520621178865364224
1520621178915364608
1520621178965364480
1520621179015364352
1520621179065364480
1520621179115364608
1520621179165364224
1520621179215364352
1520621179265364480
1520621179315364608
1520621179365364224
1520621179415364608
1520621179465364480
1520621179515364352
1520621179565364480
1520621179615364608
1520621179665364224
1520621179715364352
1520621179765364480
1520621179815364608
1520621179865364224
1520621179915364608
1520621179965364480
1520621180015364352
1520621180065364480
1520621180115364608
1520621180165364224
1520621180215364352
1520621180265364480
1520621180315364608
1520621180365364224
1520621180415364608
1520621180465364480
1520621180515364352
1520621180565364480
1520621180615364608
1520621180665364224
1520621180715364352
1520621180765364480
1520621180815364608
1520621180865364224
1520621180915364608
1520621180965364480
1520621181015364352
1520621181065364480
1520621181115364608
1520621181165364224
1520621181215364352
1520621181265364480
1520621181315364608
1520621181365364224
1520621181415364608
1520621181465364480
1520621181515364352
1520621181565364480
1520621181615364608
1520621181665364224
1520621181715364352
1520621181765364480
1520621181815364608
1520621181865364224
1520621181915364608
1520621181965364480
1520621182015364352
1520621182065364480
1520621182115364608
1520621182165364224
1520621182215364352
1520621182265364480
1520621182315364608
1520621182365364224
1520621182415364608
1520621182465364480
1520621182515364352
1520621182565364480
1520621182615364608
1520621182665364224
1520621182715364352
1520621182765364480
1520621182815364608
1520621182865364224
1520621182915364608
1520621182965364480
1520621183015364352
1520621183065364480
1520621183115364608
1520621183165364224
1520621183215364352
1520621183265364480
1520621183315364608
1520621183365364224
1520621183415364608
1520621183465364480
1520621183515364352
1520621183565364480
1520621183615364608
1520621183665364224
1520621183715364352
1520621183765364480
1520621183815364608
1520621183865364224
1520621183915364608
1520621183965364480
1520621184015364352
1520621184065364480
1520621184115364608
1520621184165364224
1520621184215364352
1520621184265364480
1520621184315364608
1520621184365364224
1520621184415364608
1520621184465364480
1520621184515364352
1520621184565364480
1520621184615364608
1520621184665364224
1520621184715364352
1520621184765364480
1520621184815364608
1520621184865364224
1520621184915364608
1520621184965364480
1520621185015364352
1520621185065364480
1520621185115364608
1520621185165364224
1520621185215364352
1520621185265364480
1520621185315364608
1520621185365364224
1520621185415364608
1520621185465364480
1520621185515364352
1520621185565364480
1520621185615364608
1520621185665364224
1520621185715364352
1520621185765364480
1520621185815364608
1520621185865364224
1520621185915364608
1520621185965364480
1520621186015364352
1520621186065364480
1520621186115364608
1520621186165364224
1520621186215364352
1520621186265364480
1520621186315364608
1520621186365364224
1520621186415364608
1520621186465364480
1520621186515364352
1520621186565364480
1520621186615364608
1520621186665364224
1520621186715364352
1520621186765364480
1520621186815364608
1520621186865364224
1520621186915364608
1520621186965364480
1520621187015364352
1520621187065364480
1520621187115364608
1520621187165364224
1520621187215364352
1520621187265364480
1520621187315364608
1520621187365364224
1520621187415364608
1520621187465364480
1520621187515364352
1520621187565364480
1520621187615364608
1520621187665364224
1520621187715364352
1520621187765364480
1520621187815364608
1520621187865364224
1520621187915364608
1520621187965364480
1520621188015364352
1520621188065364480
1520621188115364608
1520621188165364224
1520621188215364352
1520621188265364480
1520621188315364608
1520621188365364224
1520621188415364608
1520621188465364480
1520621188515364352
1520621188565364480
1520621188615364608
1520621188665364224
1520621188715364352
1520621188765364480
1520621188815364608
1520621188865364224
1520621188915364608
1520621188965364480
1520621189015364352
1520621189065364480
1520621189115364608
1520621189165364224
1520621189215364352
1520621189265364480
1520621189315364608
1520621189365364224
1520621189415364608
1520621189465364480
1520621189515364352
1520621189565364480
1520621189615364608
1520621189665364224
1520621189715364352
1520621189765364480
1520621189815364608
1520621189865364224
1520621189915364608
1520621189965364480
1520621190015364352
1520621190065364480
1520621190115364608
1520621190165364224
1520621190215364352
1520621190265364480
1520621190315364608
1520621190365364224
1520621190415364608
1520621190465364480
1520621190515364352
1520621190565364480
1520621190615364608
1520621190665364224
1520621190715364352
1520621190765364480
1520621190815364608
1520621190865364224
1520621190915364608
1520621190965364480
1520621191015364352
1520621191065364480
1520621191115364608
1520621191165364224
1520621191215364352
1520621191265364480
1520621191315364608
1520621191365364224
1520621191415364608
1520621191465364480
1520621191515364352
1520621191565364480
1520621191615364608
1520621191665364224
1520621191715364352
1520621191765364480
1520621191815364608
1520621191865364224
1520621191915364608
1520621191965364480
1520621192015364352
1520621192065364480
1520621192115364608
1520621192165364224
1520621192215364352
1520621192265364480
1520621192315364608
1520621192365364224
1520621192415364608
1520621192465364480
1520621192515364352
1520621192565364480
1520621192615364608
1520621192665364224
1520621192715364352
1520621192765364480
1520621192815364608
1520621192865364224
1520621192915364608
1520621192965364480
1520621193015364352
1520621193065364480
1520621193115364608
1520621193165364224
1520621193215364352
1520621193265364480
1520621193315364608
1520621193365364224
1520621193415364608
1520621193465364480
1520621193515364352
1520621193565364480
1520621193615364608
1520621193665364224
1520621193715364352
1520621193765364480
1520621193815364608
1520621193865364224
1520621193915364608
1520621193965364480
1520621194015364352
1520621194065364480
1520621194115364608
1520621194165364224
1520621194215364352
1520621194265364480
1520621194315364608
1520621194365364224
1520621194415364608
1520621194465364480
1520621194515364352
1520621194565364480
1520621194615364608
1520621194665364224
1520621194715364352
1520621194765364480
1520621194815364608
1520621194865364224
1520621194915364608
1520621194965364480
1520621195015364352
1520621195065364480
1520621195115364608
1520621195165364224
1520621195215364352
1520621195265364480
1520621195315364608
1520621195365364224
1520621195415364608
1520621195465364480
1520621195515364352
1520621195565364480
1520621195615364608
1520621195665364224
1520621195715364352
1520621195765364480
1520621195815364608
1520621195865364224
1520621195915364608
1520621195965364480
1520621196015364352
1520621196065364480
1520621196115364608
1520621196165364224
1520621196215364352
1520621196265364480
1520621196315364608
1520621196365364224
1520621196415364608
1520621196465364480
1520621196515364352
1520621196565364480
1520621196615364608
1520621196665364224
1520621196715364352
1520621196765364480
1520621196815364608
1520621196865364224
1520621196915364608
1520621196965364480
1520621197015364352
1520621197065364480
1520621197115364608
1520621197165364224
1520621197215364352
1520621197265364480
1520621197315364608
1520621197365364224
1520621197415364608
1520621197465364480
1520621197515364352
1520621197565364480
1520621197615364608
1520621197665364224
1520621197715364352
1520621197765364480
1520621197815364608
1520621197865364224
1520621197915364608
1520621197965364480
1520621198015364352
1520621198065364480
1520621198115364608
1520621198165364224
1520621198215364352
1520621198265364480
1520621198315364608
1520621198365364224
1520621198415364608
1520621198465364480
1520621198515364352
1520621198565364480
1520621198615364608
1520621198665364224
1520621198715364352
1520621198765364480
1520621198815364608
1520621198865364224
1520621198915364608
1520621198965364480
1520621199015364352
1520621199065364480
1520621199115364608
1520621199165364224
1520621199215364352
1520621199265364480
1520621199315364608
1520621199365364224
1520621199415364608
1520621199465364480
1520621199515364352
1520621199565364480
1520621199615364608
1520621199665364224
1520621199715364352
1520621199765364480
1520621199815364608
1520621199865364224
1520621199915364608
1520621199965364480
1520621200015364352
1520621200065364480
1520621200115364608
1520621200165364224
1520621200215364352
1520621200265364480
1520621200315364608
1520621200365364224
1520621200415364608
1520621200465364480
1520621200515364352
1520621200565364480
1520621200615364608
1520621200665364224
1520621200715364352
1520621200765364480
1520621200815364608
1520621200865364224
1520621200915364608
1520621200965364480
1520621201015364352
1520621201065364480
1520621201115364608
1520621201165364224
1520621201215364352
1520621201265364480
1520621201315364608
1520621201365364224
1520621201415364608
1520621201465364480
1520621201515364352
1520621201565364480
1520621201615364608
1520621201665364224
1520621201715364352
1520621201765364480
1520621201815364608
1520621201865364224
1520621201915364608
1520621201965364480
1520621202015364352
1520621202065364480
1520621202115364608
1520621202165364224
1520621202215364352
1520621202265364480
1520621202315364608
1520621202365364224
1520621202415364608
1520621202465364480
1520621202515364352
1520621202565364480
1520621202615364608
1520621202665364224
1520621202715364352
1520621202765364480
1520621202815364608
1520621202865364224
1520621202915364608
1520621202965364480
1520621203015364352
1520621203065364480
1520621203115364608
1520621203165364224
1520621203215364352
1520621203265364480
1520621203315364608
1520621203365364224
1520621203415364608
1520621203465364480
1520621203515364352
1520621203565364480
1520621203615364608
1520621203665364224
1520621203715364352
1520621203765364480
1520621203815364608
1520621203865364224
1520621203915364608
1520621203965364480
1520621204015364352
1520621204065364480
1520621204115364608
1520621204165364224
1520621204215364352
1520621204265364480
1520621204315364608
1520621204365364224
1520621204415364608
1520621204465364480
1520621204515364352
1520621204565364480
1520621204615364608
1520621204665364224
1520621204715364352
1520621204765364480
1520621204815364608
1520621204865364224
1520621204915364608
1520621204965364480
1520621205015364352
1520621205065364480
1520621205115364608
1520621205165364224
1520621205215364352
1520621205265364480
1520621205315364608
1520621205365364224
1520621205415364608
1520621205465364480
1520621205515364352
1520621205565364480
1520621205615364608
1520621205665364224
1520621205715364352
1520621205765364480
1520621205815364608
1520621205865364224
1520621205915364608
1520621205965364480
1520621206015364352
1520621206065364480
1520621206115364608
1520621206165364224
1520621206215364352
1520621206265364480
1520621206315364608
1520621206365364224
1520621206415364608
1520621206465364480
1520621206515364352
1520621206565364480
1520621206615364608
1520621206665364224
1520621206715364352
1520621206765364480
1520621206815364608
1520621206865364224
1520621206915364608
1520621206965364480
1520621207015364352
1520621207065364480
1520621207115364608
1520621207165364224
1520621207215364352
1520621207265364480
1520621207315364608
1520621207365364224
1520621207415364608
1520621207465364480
1520621207515364352
1520621207565364480
1520621207615364608
1520621207665364224
1520621207715364352
1520621207765364480
1520621207815364608
1520621207865364224
1520621207915364608
1520621207965364480
1520621208015364352
1520621208065364480
1520621208115364608
1520621208165364224
1520621208215364352
1520621208265364480
1520621208315364608
1520621208365364224
1520621208415364608
1520621208465364480
1520621208515364352
1520621208565364480
1520621208615364608
1520621208665364224
1520621208715364352
1520621208765364480
1520621208815364608
1520621208865364224
1520621208915364608
1520621208965364480
1520621209015364352
1520621209065364480
1520621209115364608
1520621209165364224
1520621209215364352
1520621209265364480
1520621209315364608
1520621209365364224
1520621209415364608
1520621209465364480
1520621209515364352
1520621209565364480
1520621209615364608
1520621209665364224
1520621209715364352
1520621209765364480
1520621209815364608
1520621209865364224
1520621209915364608
1520621209965364480
1520621210015364352
1520621210065364480
1520621210115364608
1520621210165364224
1520621210215364352
1520621210265364480
1520621210315364608
1520621210365364224
1520621210415364608
1520621210465364480
1520621210515364352
1520621210565364480
1520621210615364608
1520621210665364224
1520621210715364352
1520621210765364480
1520621210815364608
1520621210865364224
1520621210915364608
1520621210965364480
1520621211015364352
1520621211065364480
1520621211115364608
1520621211165364224
1520621211215364352
1520621211265364480
1520621211315364608
1520621211365364224
1520621211415364608
1520621211465364480
1520621211515364352
1520621211565364480
1520621211615364608
1520621211665364224
1520621211715364352
1520621211765364480
1520621211815364608
1520621211865364224
1520621211915364608
1520621211965364480
1520621212015364352
1520621212065364480
1520621212115364608
1520621212165364224
1520621212215364352
1520621212265364480
1520621212315364608
1520621212365364224
1520621212415364608
1520621212465364480
1520621212515364352
1520621212565364480
1520621212615364608
1520621212665364224
1520621212715364352
1520621212765364480
1520621212815364608
1520621212865364224
1520621212915364608
1520621212965364480
1520621213015364352
1520621213065364480
1520621213115364608
1520621213165364224
1520621213215364352
1520621213265364480
1520621213315364608
1520621213365364224
1520621213415364608
1520621213465364480
1520621213515364352
1520621213565364480
1520621213615364608
1520621213665364224
1520621213715364352
1520621213765364480
1520621213815364608
1520621213865364224
1520621213915364608
1520621213965364480
1520621214015364352
1520621214065364480
1520621214115364608
1520621214165364224
1520621214215364352
1520621214265364480
1520621214315364608
1520621214365364224
1520621214415364608
1520621214465364480
1520621214515364352
1520621214565364480
1520621214615364608
1520621214665364224
1520621214715364352
1520621214765364480
1520621214815364608
1520621214865364224
1520621214915364608
1520621214965364480
1520621215015364352
1520621215065364480
1520621215115364608
1520621215165364224
1520621215215364352
1520621215265364480
1520621215315364608
1520621215365364224
1520621215415364608
1520621215465364480
1520621215515364352
1520621215565364480
1520621215615364608
1520621215665364224
1520621215715364352
1520621215765364480
1520621215815364608
1520621215865364224
1520621215915364608
1520621215965364480
1520621216015364352
1520621216065364480
1520621216115364608
1520621216165364224
1520621216215364352
1520621216265364480
1520621216315364608
1520621216365364224
1520621216415364608
1520621216465364480
1520621216515364352
1520621216565364480
1520621216615364608
1520621216665364224
1520621216715364352
1520621216765364480
1520621216815364608
1520621216865364224
1520621216915364608
1520621216965364480
1520621217015364352
1520621217065364480
1520621217115364608
1520621217165364224
1520621217215364352
1520621217265364480
1520621217315364608
1520621217365364224
1520621217415364608
1520621217465364480
1520621217515364352
1520621217565364480
1520621217615364608
1520621217665364224
1520621217715364352
1520621217765364480
1520621217815364608
1520621217865364224
1520621217915364608
1520621217965364480
1520621218015364352
1520621218065364480
1520621218115364608
1520621218165364224
1520621218215364352
1520621218265364480
1520621218315364608
1520621218365364224
1520621218415364608
1520621218465364480
1520621218515364352
1520621218565364480
1520621218615364608
1520621218665364224
1520621218715364352
1520621218765364480
1520621218815364608
1520621218865364224
1520621218915364608
1520621218965364480
1520621219015364352
1520621219065364480
1520621219115364608
1520621219165364224
1520621219215364352
1520621219265364480
1520621219315364608
1520621219365364224
1520621219415364608
1520621219465364480
1520621219515364352
1520621219565364480
1520621219615364608
1520621219665364224
1520621219715364352
1520621219765364480
1520621219815364608
1520621219865364224
1520621219915364608
1520621219965364480
1520621220015364352
1520621220065364480
1520621220115364608
1520621220165364224
1520621220215364352
1520621220265364480
1520621220315364608
1520621220365364224
1520621220415364608
1520621220465364480
1520621220515364352
1520621220565364480
1520621220615364608
1520621220665364224
1520621220715364352
1520621220765364480
1520621220815364608
1520621220865364224
1520621220915364608
1520621220965364480
1520621221015364352
1520621221065364480
1520621221115364608
1520621221165364224
1520621221215364352
1520621221265364480
1520621221315364608
1520621221365364224
1520621221415364608
1520621221465364480
1520621221515364352
1520621221565364480
1520621221615364608
1520621221665364224
1520621221715364352
1520621221765364480
1520621221815364608
1520621221865364224
1520621221915364608
1520621221965364480
1520621222015364352
1520621222065364480
1520621222115364608
1520621222165364224
1520621222215364352
1520621222265364480
1520621222315364608
1520621222365364224
1520621222415364608
1520621222465364480
1520621222515364352
1520621222565364480
1520621222615364608
1520621222665364224
1520621222715364352
1520621222765364480
1520621222815364608
1520621222865364224
1520621222915364608
1520621222965364480
1520621223015364352
1520621223065364480
1520621223115364608
1520621223165364224
1520621223215364352
1520621223265364480
1520621223315364608
1520621223365364224
1520621223415364608
1520621223465364480
1520621223515364352
1520621223565364480
1520621223615364608
1520621223665364224
1520621223715364352
1520621223765364480
1520621223815364608
1520621223865364224
1520621223915364608
1520621223965364480
1520621224015364352
1520621224065364480
1520621224115364608
1520621224165364224
1520621224215364352
1520621224265364480
1520621224315364608
1520621224365364224
1520621224415364608
1520621224465364480
1520621224515364352
1520621224565364480
1520621224615364608
1520621224665364224
1520621224715364352
1520621224765364480
1520621224815364608
1520621224865364224
1520621224915364608
1520621224965364480
1520621225015364352
1520621225065364480
1520621225115364608
1520621225165364224
1520621225215364352
1520621225265364480
1520621225315364608
1520621225365364224
1520621225415364608
1520621225465364480
1520621225515364352
1520621225565364480
1520621225615364608
1520621225665364224
1520621225715364352
1520621225765364480
1520621225815364608
1520621225865364224
1520621225915364608
1520621225965364480
1520621226015364352
1520621226065364480
1520621226115364608
1520621226165364224
1520621226215364352
1520621226265364480
1520621226315364608
1520621226365364224
1520621226415364608
1520621226465364480
1520621226515364352
1520621226565364480
1520621226615364608
1520621226665364224
1520621226715364352
1520621226765364480
1520621226815364608
1520621226865364224
1520621226915364608
1520621226965364480
1520621227015364352
1520621227065364480
1520621227115364608
1520621227165364224
1520621227215364352
1520621227265364480
1520621227315364608
1520621227365364224
1520621227415364608
1520621227465364480
1520621227515364352
1520621227565364480
1520621227615364608
1520621227665364224
1520621227715364352
1520621227765364480
1520621227815364608
1520621227865364224
1520621227915364608
1520621227965364480
1520621228015364352
1520621228065364480
1520621228115364608
1520621228165364224
1520621228215364352
1520621228265364480
1520621228315364608
1520621228365364224
1520621228415364608
1520621228465364480
1520621228515364352
1520621228565364480
1520621228615364608
1520621228665364224
1520621228715364352
1520621228765364480
1520621228815364608
1520621228865364224
1520621228915364608
1520621228965364480
1520621229015364352
1520621229065364480
1520621229115364608
1520621229165364224
1520621229215364352
1520621229265364480
1520621229315364608
1520621229365364224
1520621229415364608
1520621229465364480
1520621229515364352
1520621229565364480
1520621229615364608
1520621229665364224
1520621229715364352
1520621229765364480
1520621229815364608
1520621229865364224
1520621229915364608
1520621229965364480
1520621230015364352
1520621230065364480
1520621230115364608
1520621230165364224
1520621230215364352
1520621230265364480
1520621230315364608
1520621230365364224
1520621230415364608
1520621230465364480
1520621230515364352
1520621230565364480
1520621230615364608
1520621230665364224
1520621230715364352
1520621230765364480
1520621230815364608
1520621230865364224
1520621230915364608
1520621230965364480
1520621231015364352
1520621231065364480
1520621231115364608
1520621231165364224
1520621231215364352
1520621231265364480
1520621231315364608
1520621231365364224
1520621231415364608
1520621231465364480
1520621231515364352
1520621231565364480
1520621231615364608
1520621231665364224
1520621231715364352
1520621231765364480
1520621231815364608
1520621231865364224
1520621231915364608
1520621231965364480
1520621232015364352
1520621232065364480
1520621232115364608
1520621232165364224
1520621232215364352
1520621232265364480
1520621232315364608
1520621232365364224
1520621232415364608
1520621232465364480
1520621232515364352
1520621232565364480
1520621232615364608
1520621232665364224
1520621232715364352
1520621232765364480
1520621232815364608
1520621232865364224
1520621232915364608
1520621232965364480
1520621233015364352
1520621233065364480
1520621233115364608
1520621233165364224
1520621233215364352
1520621233265364480
1520621233315364608
1520621233365364224
1520621233415364608
1520621233465364480
1520621233515364352
1520621233565364480
1520621233615364608
1520621233665364224
1520621233715364352
1520621233765364480
1520621233815364608
1520621233865364224
1520621233915364608
1520621233965364480
1520621234015364352
1520621234065364480
1520621234115364608
1520621234165364224
1520621234215364352
1520621234265364480
1520621234315364608
1520621234365364224
1520621234415364608
1520621234465364480
1520621234515364352
1520621234565364480
1520621234615364608
1520621234665364224
1520621234715364352
1520621234765364480
1520621234815364608
1520621234865364224
1520621234915364608
1520621234965364480
1520621235015364352
1520621235065364480
1520621235115364608
1520621235165364224
1520621235215364352
1520621235265364480
1520621235315364608
1520621235365364224
1520621235415364608
1520621235465364480
1520621235515364352
1520621235565364480
1520621235615364608
1520621235665364224
1520621235715364352
1520621235765364480
1520621235815364608
1520621235865364224
1520621235915364608
1520621235965364480
1520621236015364352
1520621236065364480
1520621236115364608
1520621236165364224
1520621236215364352
1520621236265364480
1520621236315364608
1520621236365364224
1520621236415364608
1520621236465364480
1520621236515364352
1520621236565364480
1520621236615364608
1520621236665364224
1520621236715364352
1520621236765364480
1520621236815364608
1520621236865364224
1520621236915364608
1520621236965364480
1520621237015364352
1520621237065364480
1520621237115364608
1520621237165364224
1520621237215364352
1520621237265364480
1520621237315364608
1520621237365364224
1520621237415364608
1520621237465364480
1520621237515364352
1520621237565364480
1520621237615364608
1520621237665364224
1520621237715364352
1520621237765364480
1520621237815364608
1520621237865364224
1520621237915364608
1520621237965364480
1520621238015364352
1520621238065364480
1520621238115364608
1520621238165364224
1520621238215364352
1520621238265364480
1520621238315364608
1520621238365364224
1520621238415364608
1520621238465364480
1520621238515364352
1520621238565364480
1520621238615364608
1520621238665364224
1520621238715364352
1520621238765364480
1520621238815364608
1520621238865364224
1520621238915364608
1520621238965364480
1520621239015364352
1520621239065364480
1520621239115364608
1520621239165364224
1520621239215364352
1520621239265364480
1520621239315364608
1520621239365364224
1520621239415364608
1520621239465364480
1520621239515364352
1520621239565364480
1520621239615364608
1520621239665364224
1520621239715364352
1520621239765364480
1520621239815364608
1520621239865364224
1520621239915364608
1520621239965364480
1520621240015364352
1520621240065364480
1520621240115364608
1520621240165364224
1520621240215364352
1520621240265364480
1520621240315364608
1520621240365364224
1520621240415364608
1520621240465364480
1520621240515364352
1520621240565364480
1520621240615364608
1520621240665364224
1520621240715364352
1520621240765364480
1520621240815364608
1520621240865364224
1520621240915364608
1520621240965364480
1520621241015364352
1520621241065364480
1520621241115364608
1520621241165364224
1520621241215364352
1520621241265364480
1520621241315364608
1520621241365364224
1520621241415364608
1520621241465364480
1520621241515364352
1520621241565364480
1520621241615364608
1520621241665364224
1520621241715364352
1520621241765364480
1520621241815364608
1520621241865364224
1520621241915364608
1520621241965364480
1520621242015364352
1520621242065364480
1520621242115364608
1520621242165364224
1520621242215364352
1520621242265364480
1520621242315364608
1520621242365364224
1520621242415364608
1520621242465364480
1520621242515364352
1520621242565364480
1520621242615364608
1520621242665364224
1520621242715364352
1520621242765364480
1520621242815364608
1520621242865364224
1520621242915364608
1520621242965364480
1520621243015364352
1520621243065364480
1520621243115364608
1520621243165364224
1520621243215364352
1520621243265364480
1520621243315364608
1520621243365364224
1520621243415364608
1520621243465364480
1520621243515364352
1520621243565364480
1520621243615364608
1520621243665364224
1520621243715364352
1520621243765364480
1520621243815364608
1520621243865364224
1520621243915364608
1520621243965364480
1520621244015364352
1520621244065364480
1520621244115364608
1520621244165364224
1520621244215364352
1520621244265364480
1520621244315364608
1520621244365364224
1520621244415364608
1520621244465364480
1520621244515364352
1520621244565364480
1520621244615364608
1520621244665364224
1520621244715364352
1520621244765364480
1520621244815364608
1520621244865364224
1520621244915364608
1520621244965364480
1520621245015364352
1520621245065364480
1520621245115364608
1520621245165364224
1520621245215364352
1520621245265364480
1520621245315364608
1520621245365364224
1520621245415364608
1520621245465364480
1520621245515364352
1520621245565364480
1520621245615364608
1520621245665364224
1520621245715364352
1520621245765364480
1520621245815364608
1520621245865364224
1520621245915364608
1520621245965364480
1520621246015364352
1520621246065364480
1520621246115364608
1520621246165364224
1520621246215364352
1520621246265364480
1520621246315364608
1520621246365364224
1520621246415364608
1520621246465364480
1520621246515364352
1520621246565364480
1520621246615364608
1520621246665364224
1520621246715364352
1520621246765364480
1520621246815364608
1520621246865364224
1520621246915364608
1520621246965364480
1520621247015364352
1520621247065364480
1520621247115364608
1520621247165364224
1520621247215364352
1520621247265364480
1520621247315364608
1520621247365364224
1520621247415364608
1520621247465364480
1520621247515364352
1520621247565364480
1520621247615364608
1520621247665364224
1520621247715364352
1520621247765364480
1520621247815364608
1520621247865364224
1520621247915364608
1520621247965364480
1520621248015364352
1520621248065364480
1520621248115364608
1520621248165364224
1520621248215364352
1520621248265364480
1520621248315364608
1520621248365364224
1520621248415364608
1520621248465364480
1520621248515364352
1520621248565364480
1520621248615364608
1520621248665364224
1520621248715364352
1520621248765364480
1520621248815364608
1520621248865364224
1520621248915364608
1520621248965364480
1520621249015364352
1520621249065364480
1520621249115364608
1520621249165364224
1520621249215364352
1520621249265364480
1520621249315364608
1520621249365364224
1520621249415364608
1520621249465364480
1520621249515364352
1520621249565364480
1520621249615364608
1520621249665364224
1520621249715364352
1520621249765364480
1520621249815364608
1520621249865364224
1520621249915364608
1520621249965364480
1520621250015364352
1520621250065364480
1520621250115364608
1520621250165364224
1520621250215364352
1520621250265364480
1520621250315364608
1520621250365364224
1520621250415364608
1520621250465364480
1520621250515364352
1520621250565364480
1520621250615364608
1520621250665364224
1520621250715364352
1520621250765364480
1520621250815364608
1520621250865364224
1520621250915364608
1520621250965364480
1520621251015364352
1520621251065364480
1520621251115364608
1520621251165364224
1520621251215364352
1520621251265364480
1520621251315364608
1520621251365364224
1520621251415364608
1520621251465364480
1520621251515364352
1520621251565364480
1520621251615364608
1520621251665364224
1520621251715364352
1520621251765364480
1520621251815364608
1520621251865364224
1520621251915364608
1520621251965364480
1520621252015364352
1520621252065364480
1520621252115364608
1520621252165364224
1520621252215364352
1520621252265364480
1520621252315364608
1520621252365364224
1520621252415364608
1520621252465364480
1520621252515364352
1520621252565364480
1520621252615364608
1520621252665364224
1520621252715364352
1520621252765364480
1520621252815364608
1520621252865364224
1520621252915364608
1520621252965364480
1520621253015364352
1520621253065364480
1520621253115364608
1520621253165364224
1520621253215364352
1520621253265364480
1520621253315364608
1520621253365364224
1520621253415364608
1520621253465364480
1520621253515364352
1520621253565364480
1520621253615364608
1520621253665364224
1520621253715364352
1520621253765364480
1520621253815364608
1520621253865364224
1520621253915364608
1520621253965364480
1520621254015364352
1520621254065364480
1520621254115364608
1520621254165364224
1520621254215364352
1520621254265364480
1520621254315364608
1520621254365364224
1520621254415364608
1520621254465364480
1520621254515364352
1520621254565364480
1520621254615364608
1520621254665364224
1520621254715364352
1520621254765364480
1520621254815364608
1520621254865364224
1520621254915364608
1520621254965364480
1520621255015364352
1520621255065364480
1520621255115364608
1520621255165364224
1520621255215364352
1520621255265364480
1520621255315364608
1520621255365364224
1520621255415364608
1520621255465364480
1520621255515364352
1520621255565364480
1520621255615364608
1520621255665364224
1520621255715364352
1520621255765364480
1520621255815364608
1520621255865364224
1520621255915364608
1520621255965364480
1520621256015364352
1520621256065364480
1520621256115364608
1520621256165364224
1520621256215364352
1520621256265364480
1520621256315364608
1520621256365364224
1520621256415364608
1520621256465364480
1520621256515364352
1520621256565364480
1520621256615364608
1520621256665364224
1520621256715364352
1520621256765364480
1520621256815364608
1520621256865364224
1520621256915364608
1520621256965364480
1520621257015364352
1520621257065364480
1520621257115364608
1520621257165364224
1520621257215364352
1520621257265364480
1520621257315364608
1520621257365364224
1520621257415364608
1520621257465364480
1520621257515364352
1520621257565364480
1520621257615364608
1520621257665364224
1520621257715364352
1520621257765364480
1520621257815364608
1520621257865364224
1520621257915364608
1520621257965364480
1520621258015364352
1520621258065364480
1520621258115364608
1520621258165364224
1520621258215364352
1520621258265364480
1520621258315364608
1520621258365364224
1520621258415364608
1520621258465364480
1520621258515364352
1520621258565364480
1520621258615364608
1520621258665364224
1520621258715364352
1520621258765364480
1520621258815364608
1520621258865364224
1520621258915364608
1520621258965364480
1520621259015364352
1520621259065364480
1520621259115364608
1520621259165364224
1520621259215364352
1520621259265364480
1520621259315364608
1520621259365364224
1520621259415364608
1520621259465364480
1520621259515364352
1520621259565364480
1520621259615364608
1520621259665364224
1520621259715364352
1520621259765364480
1520621259815364608
1520621259865364224
1520621259915364608
1520621259965364480
1520621260015364352
1520621260065364480
1520621260115364608
1520621260165364224
1520621260215364352
1520621260265364480
1520621260315364608
1520621260365364224
1520621260415364608
1520621260465364480
1520621260515364352
1520621260565364480
1520621260615364608
1520621260665364224
1520621260715364352
1520621260765364480
1520621260815364608
1520621260865364224
1520621260915364608
1520621260965364480
1520621261015364352
1520621261065364480
1520621261115364608
1520621261165364224
1520621261215364352
1520621261265364480
1520621261315364608
1520621261365364224
1520621261415364608
1520621261465364480
1520621261515364352
1520621261565364480
1520621261615364608
1520621261665364224
1520621261715364352
1520621261765364480
1520621261815364608
1520621261865364224
1520621261915364608
1520621261965364480
1520621262015364352
1520621262065364480
1520621262115364608
1520621262165364224
1520621262215364352
1520621262265364480
1520621262315364608
1520621262365364224
1520621262415364608
1520621262465364480
1520621262515364352
1520621262565364480
1520621262615364608
1520621262665364224
1520621262715364352
1520621262765364480
1520621262815364608
1520621262865364224
1520621262915364608
1520621262965364480
1520621263015364352
1520621263065364480
1520621263115364608
1520621263165364224
1520621263215364352
1520621263265364480
1520621263315364608
1520621263365364224
1520621263415364608
1520621263465364480
1520621263515364352
1520621263565364480
1520621263615364608
1520621263665364224
1520621263715364352
1520621263765364480
1520621263815364608
1520621263865364224
1520621263915364608
1520621263965364480
1520621264015364352
1520621264065364480
1520621264115364608
1520621264165364224
1520621264215364352
1520621264265364480
1520621264315364608
1520621264365364224
1520621264415364608
1520621264465364480
1520621264515364352
1520621264565364480
1520621264615364608
1520621264665364224
1520621264715364352
1520621264765364480
1520621264815364608
1520621264865364224
1520621264915364608
1520621264965364480
1520621265015364352
1520621265065364480
1520621265115364608
1520621265165364224
1520621265215364352
1520621265265364480
1520621265315364608
1520621265365364224
1520621265415364608
1520621265465364480
1520621265515364352
1520621265565364480
1520621265615364608
1520621265665364224
1520621265715364352
1520621265765364480
1520621265815364608
1520621265865364224
1520621265915364608
1520621265965364480
1520621266015364352
1520621266065364480
1520621266115364608
1520621266165364224
1520621266215364352
1520621266265364480
1520621266315364608
1520621266365364224
1520621266415364608
1520621266465364480
1520621266515364352
1520621266565364480
1520621266615364608
1520621266665364224
1520621266715364352
1520621266765364480
1520621266815364608
1520621266865364224
1520621266915364608
1520621266965364480
1520621267015364352
1520621267065364480
1520621267115364608
1520621267165364224
1520621267215364352
1520621267265364480
1520621267315364608
1520621267365364224
1520621267415364608
1520621267465364480
1520621267515364352
1520621267565364480
1520621267615364608
1520621267665364224
1520621267715364352
1520621267765364480
1520621267815364608
1520621267865364224
1520621267915364608
1520621267965364480
1520621268015364352
1520621268065364480
1520621268115364608
1520621268165364224
1520621268215364352
1520621268265364480
1520621268315364608
1520621268365364224
1520621268415364608
1520621268465364480
1520621268515364352
1520621268565364480
1520621268615364608
1520621268665364224
1520621268715364352
1520621268765364480
1520621268815364608
1520621268865364224
1520621268915364608
1520621268965364480
1520621269015364352
1520621269065364480
1520621269115364608
1520621269165364224
1520621269215364352
1520621269265364480
1520621269315364608
1520621269365364224
1520621269415364608
1520621269465364480
1520621269515364352
1520621269565364480
1520621269615364608
1520621269665364224
1520621269715364352
1520621269765364480
1520621269815364608
1520621269865364224
1520621269915364608
1520621269965364480
1520621270015364352
1520621270065364480
1520621270115364608
1520621270165364224
1520621270215364352
1520621270265364480
1520621270315364608
1520621270365364224
1520621270415364608
1520621270465364480
1520621270515364352
1520621270565364480
1520621270615364608
1520621270665364224
1520621270715364352
1520621270765364480
1520621270815364608
1520621270865364224
1520621270915364608
1520621270965364480
1520621271015364352
1520621271065364480
1520621271115364608
1520621271165364224
1520621271215364352
1520621271265364480
1520621271315364608
1520621271365364224
1520621271415364608
1520621271465364480
1520621271515364352
1520621271565364480
1520621271615364608
1520621271665364224
1520621271715364352
1520621271765364480
1520621271815364608
1520621271865364224
1520621271915364608
1520621271965364480
1520621272015364352
1520621272065364480
1520621272115364608
1520621272165364224
1520621272215364352
1520621272265364480
1520621272315364608
1520621272365364224
1520621272415364608
1520621272465364480
1520621272515364352
1520621272565364480
1520621272615364608
1520621272665364224
1520621272715364352
1520621272765364480
1520621272815364608
1520621272865364224
1520621272915364608
1520621272965364480
1520621273015364352
1520621273065364480
1520621273115364608
1520621273165364224
1520621273215364352
1520621273265364480
1520621273315364608
1520621273365364224
1520621273415364608
1520621273465364480
1520621273515364352
1520621273565364480
1520621273615364608
1520621273665364224
1520621273715364352
1520621273765364480
1520621273815364608
1520621273865364224
1520621273915364608
1520621273965364480
1520621274015364352
1520621274065364480
1520621274115364608
1520621274165364224
1520621274215364352
1520621274265364480
1520621274315364608
1520621274365364224
1520621274415364608
1520621274465364480
1520621274515364352
1520621274565364480
1520621274615364608
1520621274665364224
1520621274715364352
1520621274765364480
1520621274815364608
1520621274865364224
1520621274915364608
1520621274965364480
1520621275015364352
1520621275065364480
1520621275115364608
1520621275165364224
1520621275215364352
1520621275265364480
1520621275315364608
1520621275365364224
1520621275415364608
1520621275465364480
1520621275515364352
1520621275565364480
1520621275615364608
1520621275665364224
1520621275715364352
1520621275765364480
1520621275815364608
1520621275865364224
1520621275915364608
1520621275965364480
1520621276015364352
1520621276065364480
1520621276115364608
1520621276165364224
1520621276215364352
1520621276265364480
1520621276315364608
1520621276365364224
1520621276415364608
1520621276465364480
1520621276515364352
1520621276565364480
1520621276615364608
1520621276665364224
1520621276715364352
1520621276765364480
1520621276815364608
1520621276865364224
1520621276915364608
1520621276965364480
1520621277015364352
1520621277065364480
1520621277115364608
1520621277165364224
1520621277215364352
1520621277265364480
1520621277315364608
1520621277365364224
1520621277415364608
1520621277465364480
1520621277515364352
1520621277565364480
1520621277615364608
1520621277665364224
1520621277715364352
1520621277765364480
1520621277815364608
1520621277865364224
1520621277915364608
1520621277965364480
1520621278015364352
1520621278065364480
1520621278115364608
1520621278165364224
1520621278215364352
1520621278265364480
1520621278315364608
1520621278365364224
1520621278415364608
1520621278465364480
1520621278515364352
1520621278565364480
1520621278615364608
1520621278665364224
1520621278715364352
1520621278765364480
1520621278815364608
1520621278865364224
1520621278915364608
1520621278965364480
1520621279015364352
1520621279065364480
1520621279115364608
1520621279165364224
1520621279215364352
1520621279265364480
1520621279315364608
1520621279365364224
1520621279415364608
1520621279465364480
1520621279515364352
1520621279565364480
1520621279615364608
1520621279665364224
1520621279715364352
1520621279765364480
1520621279815364608
1520621279865364224
1520621279915364608
1520621279965364480
1520621280015364352
1520621280065364480
1520621280115364608
1520621280165364224
1520621280215364352
1520621280265364480
1520621280315364608
1520621280365364224
1520621280415364608
1520621280465364480
1520621280515364352
1520621280565364480
1520621280615364608
1520621280665364224
1520621280715364352
1520621280765364480
1520621280815364608
1520621280865364224
1520621280915364608
1520621280965364480
1520621281015364352
1520621281065364480
1520621281115364608
1520621281165364224
1520621281215364352
1520621281265364480
1520621281315364608
1520621281365364224
1520621281415364608
1520621281465364480
1520621281515364352
1520621281565364480
1520621281615364608
1520621281665364224
1520621281715364352
1520621281765364480
1520621281815364608
1520621281865364224
1520621281915364608
1520621281965364480
1520621282015364352
1520621282065364480
1520621282115364608
1520621282165364224
1520621282215364352
1520621282265364480
1520621282315364608
1520621282365364224
1520621282415364608
1520621282465364480
1520621282515364352
1520621282565364480
1520621282615364608
1520621282665364224
1520621282715364352
1520621282765364480
1520621282815364608
1520621282865364224
1520621282915364608
1520621282965364480
1520621283015364352
1520621283065364480
1520621283115364608
1520621283165364224
1520621283215364352
1520621283265364480
1520621283315364608
1520621283365364224
1520621283415364608
1520621283465364480
1520621283515364352
1520621283565364480
1520621283615364608
1520621283665364224
1520621283715364352
1520621283765364480
1520621283815364608
1520621283865364224
1520621283915364608
1520621283965364480
1520621284015364352
1520621284065364480
1520621284115364608
1520621284165364224
1520621284215364352
1520621284265364480
1520621284315364608
1520621284365364224
1520621284415364608
1520621284465364480
1520621284515364352
1520621284565364480
1520621284615364608
1520621284665364224
1520621284715364352
1520621284765364480
1520621284815364608
1520621284865364224
1520621284915364608
1520621284965364480
1520621285015364352
1520621285065364480
1520621285115364608
1520621285165364224
1520621285215364352
1520621285265364480
1520621285315364608
1520621285365364224
1520621285415364608
1520621285465364480
1520621285515364352
1520621285565364480
1520621285615364608
1520621285665364224
1520621285715364352
1520621285765364480
1520621285815364608
1520621285865364224
1520621285915364608
1520621285965364480
1520621286015364352
1520621286065364480
1520621286115364608
1520621286165364224
1520621286215364352
1520621286265364480
1520621286315364608
1520621286365364224
1520621286415364608
1520621286465364480
1520621286515364352
1520621286565364480
1520621286615364608
1520621286665364224
1520621286715364352
1520621286765364480
1520621286815364608
1520621286865364224
1520621286915364608
1520621286965364480
1520621287015364352
1520621287065364480
1520621287115364608
1520621287165364224
1520621287215364352
1520621287265364480
1520621287315364608
1520621287365364224
1520621287415364608
1520621287465364480
1520621287515364352
1520621287565364480
1520621287615364608
1520621287665364224
1520621287715364352
1520621287765364480
1520621287815364608
1520621287865364224
1520621287915364608
1520621287965364480
1520621288015364352
1520621288065364480
1520621288115364608
1520621288165364224
1520621288215364352
1520621288265364480
1520621288315364608
1520621288365364224
1520621288415364608
1520621288465364480
1520621288515364352
1520621288565364480
1520621288615364608
1520621288665364224
1520621288715364352
1520621288765364480
1520621288815364608
1520621288865364224
1520621288915364608
1520621288965364480
1520621289015364352
1520621289065364480
1520621289115364608
1520621289165364224
1520621289215364352
1520621289265364480
1520621289315364608
1520621289365364224
1520621289415364608
1520621289465364480
1520621289515364352
1520621289565364480
1520621289615364608
1520621289665364224
1520621289715364352
1520621289765364480
1520621289815364608
1520621289865364224
1520621289915364608
1520621289965364480
1520621290015364352
1520621290065364480
1520621290115364608
1520621290165364224
1520621290215364352
1520621290265364480
1520621290315364608
1520621290365364224
1520621290415364608
1520621290465364480
1520621290515364352
1520621290565364480
1520621290615364608
1520621290665364224
1520621290715364352
1520621290765364480
1520621290815364608
1520621290865364224
1520621290915364608
1520621290965364480
1520621291015364352
1520621291065364480
1520621291115364608
1520621291165364224
1520621291215364352
1520621291265364480
1520621291315364608
1520621291365364224
1520621291415364608
1520621291465364480
1520621291515364352
1520621291565364480
1520621291615364608
1520621291665364224
1520621291715364352
1520621291765364480
1520621291815364608
1520621291865364224
1520621291915364608
1520621291965364480
1520621292015364352
1520621292065364480
1520621292115364608
1520621292165364224
1520621292215364352
1520621292265364480
1520621292315364608
1520621292365364224
1520621292415364608
1520621292465364480
1520621292515364352
1520621292565364480
1520621292615364608
1520621292665364224
1520621292715364352
1520621292765364480
1520621292815364608
1520621292865364224
1520621292915364608
1520621292965364480
1520621293015364352
1520621293065364480
1520621293115364608
1520621293165364224
1520621293215364352
1520621293265364480
1520621293315364608
1520621293365364224
1520621293415364608
1520621293465364480
1520621293515364352
1520621293565364480
1520621293615364608
1520621293665364224
1520621293715364352
1520621293765364480
1520621293815364608
1520621293865364224
1520621293915364608
1520621293965364480
1520621294015364352
1520621294065364480
1520621294115364608
1520621294165364224
1520621294215364352
1520621294265364480
1520621294315364608
1520621294365364224
1520621294415364608
1520621294465364480
1520621294515364352
1520621294565364480
1520621294615364608
1520621294665364224
1520621294715364352
1520621294765364480
1520621294815364608
1520621294865364224
1520621294915364608
1520621294965364480
1520621295015364352
1520621295065364480
1520621295115364608
1520621295165364224
1520621295215364352
1520621295265364480
1520621295315364608
1520621295365364224
1520621295415364608
1520621295465364480
1520621295515364352
1520621295565364480
1520621295615364608
1520621295665364224
1520621295715364352
1520621295765364480
1520621295815364608
1520621295865364224
1520621295915364608
1520621295965364480
1520621296015364352
1520621296065364480
1520621296115364608
1520621296165364224
1520621296215364352
1520621296265364480
1520621296315364608
1520621296365364224
1520621296415364608
1520621296465364480
1520621296515364352
1520621296565364480
1520621296615364608
1520621296665364224
1520621296715364352
1520621296765364480
1520621296815364608
1520621296865364224
1520621296915364608
1520621296965364480
1520621297015364352
1520621297065364480
1520621297115364608
1520621297165364224
1520621297215364352
1520621297265364480
1520621297315364608
1520621297365364224
1520621297415364608
1520621297465364480
1520621297515364352
1520621297565364480
1520621297615364608
1520621297665364224
1520621297715364352
1520621297765364480
1520621297815364608
1520621297865364224
1520621297915364608
1520621297965364480
1520621298015364352
1520621298065364480
1520621298115364608
1520621298165364224
1520621298215364352
1520621298265364480
1520621298315364608
1520621298365364224
1520621298415364608
1520621298465364480
1520621298515364352
1520621298565364480
1520621298615364608
1520621298665364224
1520621298715364352
1520621298765364480
1520621298815364608
1520621298865364224
1520621298915364608
1520621298965364480
1520621299015364352
1520621299065364480
1520621299115364608
1520621299165364224
1520621299215364352
1520621299265364480
1520621299315364608
1520621299365364224
1520621299415364608
1520621299465364480
1520621299515364352
1520621299565364480
1520621299615364608
1520621299665364224
1520621299715364352
1520621299765364480
1520621299815364608
1520621299865364224
1520621299915364608
1520621299965364480
1520621300015364352
1520621300065364480
1520621300115364608
1520621300165364224
1520621300215364352
1520621300265364480
1520621300315364608
1520621300365364224
1520621300415364608
1520621300465364480
1520621300515364352
1520621300565364480
1520621300615364608
1520621300665364224
1520621300715364352
1520621300765364480
1520621300815364608
1520621300865364224
1520621300915364608
1520621300965364480
1520621301015364352
1520621301065364480
1520621301115364608
1520621301165364224
1520621301215364352
1520621301265364480
1520621301315364608
1520621301365364224
1520621301415364608
1520621301465364480
1520621301515364352
1520621301565364480
1520621301615364608
1520621301665364224
1520621301715364352
1520621301765364480
1520621301815364608
1520621301865364224
1520621301915364608
1520621301965364480
1520621302015364352
1520621302065364480
1520621302115364608
1520621302165364224
1520621302215364352
1520621302265364480
1520621302315364608
1520621302365364224
1520621302415364608
1520621302465364480
1520621302515364352
1520621302565364480
1520621302615364608
1520621302665364224
1520621302715364352
1520621302765364480
1520621302815364608
1520621302865364224
1520621302915364608
1520621302965364480
1520621303015364352
1520621303065364480
1520621303115364608
1520621303165364224
1520621303215364352
1520621303265364480
1520621303315364608
1520621303365364224
1520621303415364608
1520621303465364480
1520621303515364352
1520621303565364480
1520621303615364608
1520621303665364224
1520621303715364352
1520621303765364480
1520621303815364608
1520621303865364224
1520621303915364608
1520621303965364480
1520621304015364352
1520621304065364480
1520621304115364608
1520621304165364224
1520621304215364352
1520621304265364480
1520621304315364608
1520621304365364224
1520621304415364608
1520621304465364480
1520621304515364352
1520621304565364480
1520621304615364608
1520621304665364224
1520621304715364352
1520621304765364480
1520621304815364608
1520621304865364224
1520621304915364608
1520621304965364480
1520621305015364352
1520621305065364480
1520621305115364608
1520621305165364224
1520621305215364352
1520621305265364480
1520621305315364608
1520621305365364224
1520621305415364608
1520621305465364480
1520621305515364352
1520621305565364480
1520621305615364608
1520621305665364224
1520621305715364352
1520621305765364480
1520621305815364608
1520621305865364224
1520621305915364608
1520621305965364480
1520621306015364352
1520621306065364480
1520621306115364608
1520621306165364224
1520621306215364352
1520621306265364480
1520621306315364608
1520621306365364224
1520621306415364608
1520621306465364480
1520621306515364352
1520621306565364480
1520621306615364608
1520621306665364224
1520621306715364352
1520621306765364480
1520621306815364608
1520621306865364224
1520621306915364608
1520621306965364480
1520621307015364352
1520621307065364480
1520621307115364608
1520621307165364224
1520621307215364352
1520621307265364480
1520621307315364608
1520621307365364224
1520621307415364608
1520621307465364480
1520621307515364352
1520621307565364480
1520621307615364608
1520621307665364224
1520621307715364352
1520621307765364480
1520621307815364608
1520621307865364224
1520621307915364608
1520621307965364480
1520621308015364352
1520621308065364480
1520621308115364608
1520621308165364224
1520621308215364352
1520621308265364480
1520621308315364608
1520621308365364224
1520621308415364608
1520621308465364480
1520621308515364352
1520621308565364480
1520621308615364608
1520621308665364224
1520621308715364352
1520621308765364480
1520621308815364608
1520621308865364224
1520621308915364608
1520621308965364480
1520621309015364352
1520621309065364480
1520621309115364608
1520621309165364224
1520621309215364352
1520621309265364480
1520621309315364608
1520621309365364224
1520621309415364608
1520621309465364480
1520621309515364352
1520621309565364480
1520621309615364608
1520621309665364224
1520621309715364352
1520621309765364480
1520621309815364608
1520621309865364224
1520621309915364608
1520621309965364480
1520621310015364352
1520621310065364480
1520621310115364608
1520621310165364224
1520621310215364352
1520621310265364480
1520621310315364608
1520621310365364224
1520621310415364608
1520621310465364480
1520621310515364352
1520621310565364480
1520621310615364608
1520621310665364224
1520621310715364352
1520621310765364480
1520621310815364608
1520621310865364224
1520621310915364608
1520621310965364480
1520621311015364352
1520621311065364480
1520621311115364608
1520621311165364224
1520621311215364352
1520621311265364480
1520621311315364608
1520621311365364224
1520621311415364608
1520621311465364480
1520621311515364352
1520621311565364480
1520621311615364608
1520621311665364224
1520621311715364352
1520621311765364480
1520621311815364608
1520621311865364224
1520621311915364608
1520621311965364480
1520621312015364352
1520621312065364480
1520621312115364608
1520621312165364224
1520621312215364352
1520621312265364480
1520621312315364608
1520621312365364224
1520621312415364608
1520621312465364480
1520621312515364352
1520621312565364480
1520621312615364608
1520621312665364224
1520621312715364352
1520621312765364480
1520621312815364608
1520621312865364224
1520621312915364608
1520621312965364480
1520621313015364352
1520621313065364480
1520621313115364608
1520621313165364224
1520621313215364352
1520621313265364480
1520621313315364608
1520621313365364224
1520621313415364608
1520621313465364480
1520621313515364352
1520621313565364480
1520621313615364608
1520621313665364224
1520621313715364352
1520621313765364480
1520621313815364608
1520621313865364224
1520621313915364608
1520621313965364480
1520621314015364352
1520621314065364480
1520621314115364608
1520621314165364224
1520621314215364352
1520621314265364480
1520621314315364608
1520621314365364224
1520621314415364608
1520621314465364480
1520621314515364352
1520621314565364480
1520621314615364608
1520621314665364224
1520621314715364352
1520621314765364480
1520621314815364608
1520621314865364224
1520621314915364608
1520621314965364480
1520621315015364352
1520621315065364480
1520621315115364608
1520621315165364224
1520621315215364352
1520621315265364480
1520621315315364608
1520621315365364224
1520621315415364608
1520621315465364480
1520621315515364352
1520621315565364480
1520621315615364608
1520621315665364224
1520621315715364352
1520621315765364480
1520621315815364608
1520621315865364224
1520621315915364608
1520621315965364480
1520621316015364352
1520621316065364480
1520621316115364608
1520621316165364224
1520621316215364352
1520621316265364480
1520621316315364608
1520621316365364224
1520621316415364608
1520621316465364480
1520621316515364352
1520621316565364480
1520621316615364608
1520621316665364224
1520621316715364352
1520621316765364480
1520621316815364608
1520621316865364224
1520621316915364608
1520621316965364480
1520621317015364352
1520621317065364480
1520621317115364608
1520621317165364224
1520621317215364352
1520621317265364480
1520621317315364608
1520621317365364224
1520621317415364608
1520621317465364480
1520621317515364352
1520621317565364480
1520621317615364608
1520621317665364224
1520621317715364352
1520621317765364480
1520621317815364608
1520621317865364224
1520621317915364608
1520621317965364480
1520621318015364352
1520621318065364480
1520621318115364608
1520621318165364224
1520621318215364352
1520621318265364480
1520621318315364608
1520621318365364224
1520621318415364608
1520621318465364480
1520621318515364352
1520621318565364480
1520621318615364608
1520621318665364224
1520621318715364352
1520621318765364480
1520621318815364608
1520621318865364224
1520621318915364608
1520621318965364480
1520621319015364352
1520621319065364480
1520621319115364608
1520621319165364224
1520621319215364352
1520621319265364480
1520621319315364608
1520621319365364224
1520621319415364608
1520621319465364480
1520621319515364352
1520621319565364480
1520621319615364608
1520621319665364224
1520621319715364352
1520621319765364480
1520621319815364608
1520621319865364224
1520621319915364608
1520621319965364480
1520621320015364352
1520621320065364480
1520621320115364608
1520621320165364224
1520621320215364352
1520621320265364480
1520621320315364608
1520621320365364224
1520621320415364608
1520621320465364480
1520621320515364352
1520621320565364480
1520621320615364608
1520621320665364224
1520621320715364352
1520621320765364480
1520621320815364608
1520621320865364224
1520621320915364608
1520621320965364480
1520621321015364352
1520621321065364480
1520621321115364608
1520621321165364224
1520621321215364352
1520621321265364480
1520621321315364608
1520621321365364224
1520621321415364608
1520621321465364480
1520621321515364352
